% a = 20+2*randn(100000,1);
% b = 1./a;
% 
% c = 2/400;
% d = (1/20) + c*randn(100000,1);
% hist([b,d],100)

a = 20+2*randn(100000,1);
b = 40+5*randn(100000,1);

c = a.*b;

%d = (20*40) + sqrt((2^2)*(5^2)*(1 + (20/2).^2 + (40/5).^2))*randn(100000,1);
d = (20*40) + sqrt((2^2)*(5^2) + (20^2)*(5^2) + (40^2)*(2^2))*randn(100000,1);

hist([c,d],100)